-2.000000000000000000e+00 2.676760120656559864e-04 2.676936266862853307e-04
-1.979999999999999982e+00 3.138695139865597342e-04 2.940156462053981207e-04
-1.959999999999999964e+00 3.674463563882013448e-04 3.665332473815894926e-04
-1.939999999999999947e+00 4.294809295764280815e-04 4.497736104725129727e-04
-1.919999999999999929e+00 5.011860247163859835e-04 5.451407053945350484e-04
-1.899999999999999911e+00 5.839277964603905137e-04 6.542015435937523476e-04
-1.879999999999999893e+00 6.792419106427115445e-04 7.787016473302204840e-04
-1.859999999999999876e+00 7.888509074014388297e-04 9.205815939255295940e-04
-1.840000000000000080e+00 9.146828004396014228e-04 1.081994629926740512e-03
-1.820000000000000062e+00 1.058890921612999072e-03 1.265325343608489838e-03
-1.800000000000000044e+00 1.223875006501768227e-03 1.473209374220013114e-03
-1.780000000000000027e+00 1.412303500971279820e-03 1.708554123617688067e-03
-1.760000000000000009e+00 1.627137050857892188e-03 1.974560420749064266e-03
-1.739999999999999991e+00 1.871653116751652648e-03 2.274745072036444844e-03
-1.719999999999999973e+00 2.149471633343893410e-03 2.612964211133560026e-03
-1.699999999999999956e+00 2.464581607948386054e-03 2.993437339856841288e-03
-1.679999999999999938e+00 2.821368525614151909e-03 3.420771928382303293e-03
-1.659999999999999920e+00 3.224642398793314563e-03 3.899988417126487063e-03
-1.640000000000000124e+00 3.679666267924899987e-03 4.436545435200433922e-03
-1.620000000000000107e+00 4.192184925715262966e-03 5.036365021081904564e-03
-1.600000000000000089e+00 4.768453602566761866e-03 5.705857600379657391e-03
-1.580000000000000071e+00 5.415266313820396929e-03 6.451946443501596629e-03
-1.560000000000000053e+00 6.139983531593406346e-03 7.282091292977254521e-03
-1.540000000000000036e+00 6.950558805437304435e-03 8.204310816475235760e-03
-1.520000000000000018e+00 7.855563917313701863e-03 9.227203507610030192e-03
-1.500000000000000000e+00 8.864212118054574582e-03 1.035996662292723060e-02
-1.479999999999999982e+00 9.986378955180532507e-03 1.161241271053357199e-02
-1.459999999999999964e+00 1.123262016640364999e-02 1.299498325430629118e-02
-1.439999999999999947e+00 1.261418608011204666e-02 1.451875892814664948e-02
-1.419999999999999929e+00 1.414303193445174897e-02 1.619546592806729232e-02
-1.399999999999999911e+00 1.583182350116598552e-02 1.803747782681119211e-02
-1.379999999999999893e+00 1.769393738004244529e-02 2.005781237702813566e-02
-1.359999999999999876e+00 1.974345531560059083e-02 2.227012267566162718e-02
-1.339999999999999858e+00 2.199515188048330877e-02 2.468868209503021632e-02
-1.319999999999999840e+00 2.446447487085639388e-02 2.732836238604649179e-02
-1.299999999999999822e+00 2.716751776890035872e-02 3.020460436702494117e-02
-1.280000000000000027e+00 3.012098364709569001e-02 3.333338062849146299e-02
-1.260000000000000009e+00 3.334213991928653559e-02 3.673114971118689870e-02
-1.239999999999999991e+00 3.684876338520461092e-02 4.041480125185840239e-02
-1.219999999999999973e+00 4.065907506888488676e-02 4.440159164017393190e-02
-1.199999999999999956e+00 4.479166441770966040e-02 4.870906979078222510e-02
-1.179999999999999938e+00 4.926540250803045778e-02 5.335499270764230972e-02
-1.160000000000000142e+00 5.409934399560629992e-02 5.835723060356279301e-02
-1.140000000000000124e+00 5.931261765443181927e-02 6.373366143653026727e-02
-1.120000000000000107e+00 6.492430546565325367e-02 6.950205483575529197e-02
-1.100000000000000089e+00 7.095331034869685471e-02 7.567994551406387327e-02
-1.080000000000000071e+00 7.741821276870662627e-02 8.228449639868597176e-02
-1.060000000000000053e+00 8.433711660689761913e-02 8.933235185872485939e-02
-1.040000000000000036e+00 9.172748484218604115e-02 9.683948156341591618e-02
-1.020000000000000018e+00 9.960596576189262308e-02 1.048210156691717632e-01
-1.000000000000000000e+00 1.079882105945944165e-01 1.132910722035196105e-01
-9.799999999999999822e-01 1.168886836372190347e-01 1.222625776882158288e-01
-9.599999999999999645e-01 1.263204661288800934e-01 1.317470822196201707e-01
-9.399999999999999467e-01 1.362950553031644640e-01 1.417545703991063832e-01
-9.199999999999999289e-01 1.468221602258146519e-01 1.522932696769033756e-01
-8.999999999999999112e-01 1.579094961930530838e-01 1.633694578361351291e-01
-8.799999999999998934e-01 1.695625796240919636e-01 1.749872714966176912e-01
-8.599999999999998757e-01 1.817845255264962934e-01 1.871485176567673214e-01
-8.400000000000000799e-01 1.945758497418356991e-01 1.998524904133026636e-01
-8.200000000000000622e-01 2.079342782882955543e-01 2.130957950988877636e-01
-8.000000000000000444e-01 2.218545662035408261e-01 2.268721821541608008e-01
-7.800000000000000266e-01 2.363283283522084610e-01 2.411723930996511056e-01
-7.600000000000000089e-01 2.513438846952023020e-01 2.559840209921002696e-01
-7.399999999999999911e-01 2.668861225200486742e-01 2.712913877362639892e-01
-7.199999999999999734e-01 2.829363781008163437e-01 2.870754405754042393e-01
-6.999999999999999556e-01 2.994723401908031546e-01 3.033136699999660069e-01
-6.799999999999999378e-01 3.164679776500922692e-01 3.199800511935169678e-01
-6.599999999999999201e-01 3.338934933724401199e-01 3.370450109777465286e-01
-6.399999999999999023e-01 3.517153065015753977e-01 3.544754220246662535e-01
-6.199999999999998845e-01 3.698960647162869986e-01 3.722346258753643777e-01
-5.999999999999998668e-01 3.883946881176599253e-01 3.902824860427101528e-01
-5.800000000000000711e-01 4.071664459721560658e-01 4.085754721829456537e-01
-5.600000000000000533e-01 4.261630672532321085e-01 4.270667760015318115e-01
-5.400000000000000355e-01 4.453328855847648038e-01 4.457064592159410976e-01
-5.200000000000000178e-01 4.646210188253006579e-01 4.644416335369093152e-01
-5.000000000000000000e-01 4.839695831471589327e-01 4.832166722550867988e-01
-4.799999999999999822e-01 5.033179410634116557e-01 5.019734526375321249e-01
-4.599999999999999645e-01 5.226029824438734872e-01 5.206516279538885295e-01
-4.399999999999999467e-01 5.417594371440350720e-01 5.391889275713164231e-01
-4.199999999999999289e-01 5.607202174542528228e-01 5.575214831863417597e-01
-3.999999999999999112e-01 5.794167881666033582e-01 5.755841789066480363e-01
-3.799999999999998934e-01 5.977795616598773343e-01 5.933110225622186817e-01
-3.599999999999998757e-01 6.157383150255224535e-01 6.106355353185275447e-01
-3.399999999999998579e-01 6.332226259051672024e-01 6.274911563896485855e-01
-3.200000000000000622e-01 6.501623233896570708e-01 6.438116594106415569e-01
-3.000000000000000444e-01 6.664879500460521022e-01 6.595315768301899251e-01
-2.800000000000000266e-01 6.821312308980069794e-01 6.745866285293371512e-01
-2.600000000000000089e-01 6.970255449911810786e-01 6.889141507626835859e-01
-2.399999999999999911e-01 7.111063950328827543e-01 7.024535214561820062e-01
-2.199999999999999734e-01 7.243118705074749197e-01 7.151465778815545571e-01
-1.999999999999999556e-01 7.365830996387519036e-01 7.269380227613847500e-01
-1.799999999999999378e-01 7.478646855992621134e-01 7.377758149404660681e-01
-1.599999999999999201e-01 7.581051224552526335e-01 7.476115408865761092e-01
-1.399999999999999023e-01 7.672571864843856781e-01 7.564007634554392734e-01
-1.199999999999998845e-01 7.752782987105715229e-01 7.641033445676410629e-01
-9.999999999999986677e-02 7.821308547640887232e-01 7.706837386963677483e-01
-8.000000000000007105e-02 7.877825184926466884e-01 7.761112543506119010e-01
-6.000000000000005329e-02 7.922064761162819213e-01 7.803602810547376478e-01
-4.000000000000003553e-02 7.953816481312152575e-01 7.834104796679453031e-01
-2.000000000000001776e-02 7.972928566195363054e-01 7.852469342515928652e-01
0.000000000000000000e+00 7.979309461065952069e-01 7.858602640740560696e-01
2.000000000000001776e-02 7.972928566195363054e-01 7.852469342515929762e-01
4.000000000000003553e-02 7.953816481312152575e-01 7.834104796679450811e-01
6.000000000000005329e-02 7.922064761162819213e-01 7.803602810547376478e-01
8.000000000000007105e-02 7.877825184926466884e-01 7.761112543506114569e-01
1.000000000000000888e-01 7.821308547640886122e-01 7.706837386963673042e-01
1.200000000000001066e-01 7.752782987105714119e-01 7.641033445676406188e-01
1.400000000000001243e-01 7.672571864843855671e-01 7.564007634554390513e-01
1.600000000000001421e-01 7.581051224552525225e-01 7.476115408865752210e-01
1.800000000000001599e-01 7.478646855992620024e-01 7.377758149404654020e-01
2.000000000000001776e-01 7.365830996387516816e-01 7.269380227613835288e-01
2.200000000000001954e-01 7.243118705074748087e-01 7.151465778815537799e-01
2.400000000000002132e-01 7.111063950328826433e-01 7.024535214561813401e-01
2.600000000000002309e-01 6.970255449911810786e-01 6.889141507626825867e-01
2.800000000000002487e-01 6.821312308980067574e-01 6.745866285293359299e-01
3.000000000000002665e-01 6.664879500460518802e-01 6.595315768301883708e-01
3.199999999999998401e-01 6.501623233896571818e-01 6.438116594106398916e-01
3.399999999999998579e-01 6.332226259051672024e-01 6.274911563896465871e-01
3.599999999999998757e-01 6.157383150255224535e-01 6.106355353185248802e-01
3.799999999999998934e-01 5.977795616598773343e-01 5.933110225622156841e-01
3.999999999999999112e-01 5.794167881666033582e-01 5.755841789066448166e-01
4.199999999999999289e-01 5.607202174542528228e-01 5.575214831863383180e-01
4.399999999999999467e-01 5.417594371440350720e-01 5.391889275713129814e-01
4.599999999999999645e-01 5.226029824438734872e-01 5.206516279538848657e-01
4.799999999999999822e-01 5.033179410634116557e-01 5.019734526375286832e-01
5.000000000000000000e-01 4.839695831471589327e-01 4.832166722550834681e-01
5.200000000000000178e-01 4.646210188253006579e-01 4.644416335369061510e-01
5.400000000000000355e-01 4.453328855847648038e-01 4.457064592159380445e-01
5.600000000000000533e-01 4.261630672532321085e-01 4.270667760015288694e-01
5.800000000000000711e-01 4.071664459721560658e-01 4.085754721829427116e-01
6.000000000000000888e-01 3.883946881176597032e-01 3.902824860427074327e-01
6.200000000000001066e-01 3.698960647162867765e-01 3.722346258753619908e-01
6.400000000000001243e-01 3.517153065015751756e-01 3.544754220246638665e-01
6.600000000000001421e-01 3.338934933724398979e-01 3.370450109777441416e-01
6.800000000000001599e-01 3.164679776500921027e-01 3.199800511935146918e-01
7.000000000000001776e-01 2.994723401908029881e-01 3.033136699999639530e-01
7.200000000000001954e-01 2.829363781008161771e-01 2.870754405754022964e-01
7.400000000000002132e-01 2.668861225200484522e-01 2.712913877362620463e-01
7.600000000000002309e-01 2.513438846952020800e-01 2.559840209920984377e-01
7.800000000000002487e-01 2.363283283522083500e-01 2.411723930996494958e-01
8.000000000000002665e-01 2.218545662035406596e-01 2.268721821541593298e-01
8.199999999999998401e-01 2.079342782882956930e-01 2.130957950988863758e-01
8.399999999999998579e-01 1.945758497418358379e-01 1.998524904133014424e-01
8.599999999999998757e-01 1.817845255264962934e-01 1.871485176567661557e-01
8.799999999999998934e-01 1.695625796240919636e-01 1.749872714966166087e-01
8.999999999999999112e-01 1.579094961930530838e-01 1.633694578361341576e-01
9.199999999999999289e-01 1.468221602258146519e-01 1.522932696769025429e-01
9.399999999999999467e-01 1.362950553031644640e-01 1.417545703991055783e-01
9.599999999999999645e-01 1.263204661288800934e-01 1.317470822196194213e-01
9.799999999999999822e-01 1.168886836372190347e-01 1.222625776882150933e-01
1.000000000000000000e+00 1.079882105945944165e-01 1.132910722035189582e-01
1.020000000000000018e+00 9.960596576189262308e-02 1.048210156691711248e-01
1.040000000000000036e+00 9.172748484218604115e-02 9.683948156341531943e-02
1.060000000000000053e+00 8.433711660689761913e-02 8.933235185872433204e-02
1.080000000000000071e+00 7.741821276870662627e-02 8.228449639868551380e-02
1.100000000000000089e+00 7.095331034869685471e-02 7.567994551406347081e-02
1.120000000000000107e+00 6.492430546565325367e-02 6.950205483575493115e-02
1.140000000000000124e+00 5.931261765443181927e-02 6.373366143652993421e-02
1.160000000000000142e+00 5.409934399560629992e-02 5.835723060356248076e-02
1.180000000000000160e+00 4.926540250803041615e-02 5.335499270764203217e-02
1.200000000000000178e+00 4.479166441770962570e-02 4.870906979078196142e-02
1.220000000000000195e+00 4.065907506888485207e-02 4.440159164017369597e-02
1.240000000000000213e+00 3.684876338520457623e-02 4.041480125185818728e-02
1.260000000000000231e+00 3.334213991928650783e-02 3.673114971118671829e-02
1.280000000000000249e+00 3.012098364709565185e-02 3.333338062849133115e-02
1.300000000000000266e+00 2.716751776890029627e-02 3.020460436702483015e-02
1.320000000000000284e+00 2.446447487085632796e-02 2.732836238604640158e-02
1.339999999999999858e+00 2.199515188048330877e-02 2.468868209503014000e-02
1.359999999999999876e+00 1.974345531560059083e-02 2.227012267566156473e-02
1.379999999999999893e+00 1.769393738004244529e-02 2.005781237702808015e-02
1.399999999999999911e+00 1.583182350116598552e-02 1.803747782681115047e-02
1.419999999999999929e+00 1.414303193445174897e-02 1.619546592806726804e-02
1.439999999999999947e+00 1.261418608011204666e-02 1.451875892814662693e-02
1.459999999999999964e+00 1.123262016640364999e-02 1.299498325430627557e-02
1.479999999999999982e+00 9.986378955180532507e-03 1.161241271053355811e-02
1.500000000000000000e+00 8.864212118054574582e-03 1.035996662292722539e-02
1.520000000000000018e+00 7.855563917313701863e-03 9.227203507610026723e-03
1.540000000000000036e+00 6.950558805437304435e-03 8.204310816475235760e-03
1.560000000000000053e+00 6.139983531593406346e-03 7.282091292977256256e-03
1.580000000000000071e+00 5.415266313820396929e-03 6.451946443501594894e-03
1.600000000000000089e+00 4.768453602566761866e-03 5.705857600379657391e-03
1.620000000000000107e+00 4.192184925715262966e-03 5.036365021081904564e-03
1.640000000000000124e+00 3.679666267924899987e-03 4.436545435200431320e-03
1.660000000000000142e+00 3.224642398793311961e-03 3.899988417126482726e-03
1.680000000000000160e+00 2.821368525614147138e-03 3.420771928382300257e-03
1.700000000000000178e+00 2.464581607948381284e-03 2.993437339856837819e-03
1.720000000000000195e+00 2.149471633343889507e-03 2.612964211133557424e-03
1.740000000000000213e+00 1.871653116751649179e-03 2.274745072036442675e-03
1.760000000000000231e+00 1.627137050857889152e-03 1.974560420749062097e-03
1.780000000000000249e+00 1.412303500971277435e-03 1.708554123617684814e-03
1.800000000000000266e+00 1.223875006501766276e-03 1.473209374220010946e-03
1.820000000000000284e+00 1.058890921612997121e-03 1.265325343608486803e-03
1.839999999999999858e+00 9.146828004396031575e-04 1.081994629926738777e-03
1.859999999999999876e+00 7.888509074014388297e-04 9.205815939255275341e-04
1.879999999999999893e+00 6.792419106427115445e-04 7.787016473302196167e-04
1.899999999999999911e+00 5.839277964603905137e-04 6.542015435937520223e-04
1.919999999999999929e+00 5.011860247163859835e-04 5.451407053945350484e-04
1.939999999999999947e+00 4.294809295764280815e-04 4.497736104725130269e-04
1.959999999999999964e+00 3.674463563882013448e-04 3.665332473815896010e-04
1.979999999999999982e+00 3.138695139865597342e-04 2.940156462053983375e-04
2.000000000000000000e+00 2.676760120656559864e-04 2.676936266862853307e-04
