======================================================================================================================
   ERGODIC MFG EXAMPLE (Picard)
======================================================================================================================
Parameters:
  xmin = -2.0, xmax = 2.0
  T    = 10.0, Nx = 200, Nt = 200
  sigma = 1.0, nu = 0.5, mu = 0.0, lambda = -1.225791
Solver Parameters:
  PICARD_MAX_ITER = 100, PICARD_TOL = 1e-06
  DAMPING = 0.8
  NEWTON_MAX_ITER = 20, NEWTON_TOL = 1e-09
Grid Info:
  dt = 0.050000, dx = 0.020000
----------------------------------------------------------------------------------------------------------------------
Iter  | Abs Err U    | Rel Err U    | Abs Err M    | Rel Err M    | Newton It  | Time (s)
----------------------------------------------------------------------------------------------------------------------
1     | 4.2976e+00   | 1.0000e+00   | 3.6957e-01   | 2.1139e-01   | 542        | 0.3760
2     | 1.3004e+00   | 3.0259e-01   | 2.7112e-01   | 1.4283e-01   | 562        | 0.3837
3     | 6.6579e-01   | 1.1959e-01   | 1.7491e-01   | 8.6211e-02   | 573        | 0.3849
4     | 4.2301e-01   | 6.8533e-02   | 1.1214e-01   | 5.2914e-02   | 577        | 0.3917
5     | 2.7734e-01   | 4.2395e-02   | 7.1886e-02   | 3.2993e-02   | 581        | 0.3942
6     | 1.8062e-01   | 2.6635e-02   | 4.6045e-02   | 2.0764e-02   | 583        | 0.3876
7     | 1.1656e-01   | 1.6802e-02   | 2.9458e-02   | 1.3136e-02   | 584        | 0.3883
8     | 7.4738e-02   | 1.0620e-02   | 1.8823e-02   | 8.3343e-03   | 585        | 0.3938
9     | 4.7736e-02   | 6.7214e-03   | 1.2015e-02   | 5.2958e-03   | 585        | 0.3894
10    | 3.0420e-02   | 4.2585e-03   | 7.6628e-03   | 3.3677e-03   | 584        | 0.3891
11    | 1.9360e-02   | 2.7003e-03   | 4.8837e-03   | 2.1424e-03   | 584        | 0.3961
12    | 1.2313e-02   | 1.7134e-03   | 3.1109e-03   | 1.3631e-03   | 584        | 0.3874
13    | 7.8287e-03   | 1.0878e-03   | 1.9809e-03   | 8.6733e-04   | 584        | 0.3880
14    | 4.9768e-03   | 6.9087e-04   | 1.2610e-03   | 5.5187e-04   | 584        | 0.4003
15    | 3.1637e-03   | 4.3892e-04   | 8.0259e-04   | 3.5114e-04   | 584        | 0.3930
16    | 2.0112e-03   | 2.7892e-04   | 5.1076e-04   | 2.2342e-04   | 583        | 0.3858
17    | 1.2786e-03   | 1.7727e-04   | 3.2502e-04   | 1.4215e-04   | 583        | 0.3865
18    | 8.1289e-04   | 1.1269e-04   | 2.0681e-04   | 9.0445e-05   | 583        | 0.3840
19    | 5.1684e-04   | 7.1642e-05   | 1.3159e-04   | 5.7546e-05   | 583        | 0.3925
20    | 3.2863e-04   | 4.5551e-05   | 8.3725e-05   | 3.6613e-05   | 583        | 0.4004
21    | 2.0897e-04   | 2.8964e-05   | 5.3271e-05   | 2.3295e-05   | 583        | 0.3820
22    | 1.3289e-04   | 1.8418e-05   | 3.3895e-05   | 1.4822e-05   | 583        | 0.3844
23    | 8.4508e-05   | 1.1712e-05   | 2.1566e-05   | 9.4305e-06   | 583        | 0.3835
24    | 5.3744e-05   | 7.4486e-06   | 1.3722e-05   | 6.0004e-06   | 583        | 0.3846
25    | 3.4180e-05   | 4.7371e-06   | 8.7309e-06   | 3.8179e-06   | 583        | 0.3846
26    | 2.1739e-05   | 3.0128e-06   | 5.5553e-06   | 2.4292e-06   | 583        | 0.3817
27    | 1.3826e-05   | 1.9162e-06   | 3.5348e-06   | 1.5457e-06   | 583        | 0.3881
28    | 8.7939e-06   | 1.2188e-06   | 2.2492e-06   | 9.8352e-07   | 583        | 0.3861
29    | 5.5933e-06   | 7.7519e-07   | 1.4311e-06   | 6.2581e-07   | 583        | 0.3824
----------------------------------------------------------------------------------------------------------------------
CONVERGED at nu=0.5 in 29 iterations.
Total Execution Time: 11.2693 seconds.
