======================================================================================================================
   DOUBLE WELL MFG EXAMPLE (Picard)
======================================================================================================================
Parameters:
  xmin = -2.5, xmax = 2.5
  T    = 1.0, Nx = 500, Nt = 100
  nu   = 0.1, alpha = 2, kappa = 1.0
Solver Parameters:
  PICARD_MAX_ITER = 50, PICARD_TOL = 1e-06
  DAMPING = 0.8
  NEWTON_MAX_ITER = 20, NEWTON_TOL = 1e-09
Grid Info:
  dt = 0.010000, dx = 0.010000
Problem Specific Parameters:
  tilt = 0.3, well_depth = 2.0, initial_std = 0.6, boundary = homogeneous Neumann/no-flux
----------------------------------------------------------------------------------------------------------------------
Iter  | Abs Err U    | Rel Err U    | Abs Err M    | Rel Err M    | Newton It  | Time (s)
----------------------------------------------------------------------------------------------------------------------
1     | 6.5937e+00   | 1.0000e+00   | 5.4895e-01   | 8.4428e-01   | 343        | 0.1945
2     | 1.4538e+00   | 2.2048e-01   | 1.3809e-01   | 1.8553e-01   | 338        | 0.2121
3     | 3.4423e-01   | 4.2976e-02   | 5.1216e-02   | 6.5809e-02   | 339        | 0.1997
4     | 6.8017e-02   | 8.1655e-03   | 3.1404e-02   | 4.0100e-02   | 338        | 0.1977
5     | 2.4448e-02   | 2.9136e-03   | 2.0278e-02   | 2.5896e-02   | 339        | 0.1951
6     | 9.4213e-03   | 1.1206e-03   | 1.3247e-02   | 1.6916e-02   | 339        | 0.1998
7     | 6.7275e-03   | 8.0009e-04   | 8.6559e-03   | 1.1054e-02   | 339        | 0.2094
8     | 4.1948e-03   | 4.9877e-04   | 5.6571e-03   | 7.2242e-03   | 339        | 0.1949
9     | 2.7740e-03   | 3.2987e-04   | 3.6967e-03   | 4.7209e-03   | 339        | 0.1852
10    | 1.8060e-03   | 2.1474e-04   | 2.4162e-03   | 3.0856e-03   | 339        | 0.1971
11    | 1.1810e-03   | 1.4044e-04   | 1.5791e-03   | 2.0166e-03   | 339        | 0.2041
12    | 7.7176e-04   | 9.1767e-05   | 1.0321e-03   | 1.3181e-03   | 339        | 0.2024
13    | 5.0436e-04   | 5.9973e-05   | 6.7458e-04   | 8.6148e-04   | 339        | 0.1899
14    | 3.2967e-04   | 3.9200e-05   | 4.4090e-04   | 5.6306e-04   | 339        | 0.1908
15    | 2.1545e-04   | 2.5619e-05   | 2.8817e-04   | 3.6801e-04   | 339        | 0.1876
16    | 1.4082e-04   | 1.6745e-05   | 1.8835e-04   | 2.4053e-04   | 339        | 0.1852
17    | 9.2038e-05   | 1.0944e-05   | 1.2310e-04   | 1.5721e-04   | 339        | 0.1787
18    | 6.0156e-05   | 7.1530e-06   | 8.0459e-05   | 1.0275e-04   | 339        | 0.1804
19    | 3.9317e-05   | 4.6751e-06   | 5.2587e-05   | 6.7157e-05   | 339        | 0.1836
20    | 2.5698e-05   | 3.0556e-06   | 3.4371e-05   | 4.3893e-05   | 339        | 0.1849
21    | 1.6796e-05   | 1.9971e-06   | 2.2464e-05   | 2.8688e-05   | 339        | 0.1982
22    | 1.0978e-05   | 1.3053e-06   | 1.4683e-05   | 1.8750e-05   | 339        | 0.1794
23    | 7.1748e-06   | 8.5315e-07   | 9.5964e-06   | 1.2255e-05   | 339        | 0.2020
24    | 4.6894e-06   | 5.5761e-07   | 6.2721e-06   | 8.0099e-06   | 339        | 0.1947
25    | 3.0650e-06   | 3.6445e-07   | 4.0994e-06   | 5.2352e-06   | 339        | 0.1917
26    | 2.0032e-06   | 2.3820e-07   | 2.6794e-06   | 3.4217e-06   | 339        | 0.2027
27    | 1.3093e-06   | 1.5569e-07   | 1.7512e-06   | 2.2364e-06   | 339        | 0.1964
28    | 8.5575e-07   | 1.0176e-07   | 1.1446e-06   | 1.4617e-06   | 339        | 0.1921
29    | 5.5932e-07   | 6.6507e-08   | 7.4809e-07   | 9.5535e-07   | 339        | 0.2063
----------------------------------------------------------------------------------------------------------------------
CONVERGED at nu=0.1 in 29 iterations.
Total Execution Time: 5.6516 seconds.
