x u_star u_num
-2.000000e+00 7.271561e+00 7.271561e+00
-1.980000e+00 7.172061e+00 7.172258e+00
-1.960000e+00 7.073561e+00 7.074157e+00
-1.940000e+00 6.976061e+00 6.977202e+00
-1.920000e+00 6.879561e+00 6.881352e+00
-1.900000e+00 6.784061e+00 6.786576e+00
-1.880000e+00 6.689561e+00 6.692852e+00
-1.860000e+00 6.596061e+00 6.600160e+00
-1.840000e+00 6.503561e+00 6.508486e+00
-1.820000e+00 6.412061e+00 6.417819e+00
-1.800000e+00 6.321561e+00 6.328150e+00
-1.780000e+00 6.232061e+00 6.239471e+00
-1.760000e+00 6.143561e+00 6.151776e+00
-1.740000e+00 6.056061e+00 6.065060e+00
-1.720000e+00 5.969561e+00 5.979320e+00
-1.700000e+00 5.884061e+00 5.894552e+00
-1.680000e+00 5.799561e+00 5.810753e+00
-1.660000e+00 5.716061e+00 5.727922e+00
-1.640000e+00 5.633561e+00 5.646057e+00
-1.620000e+00 5.552061e+00 5.565157e+00
-1.600000e+00 5.471561e+00 5.485220e+00
-1.580000e+00 5.392061e+00 5.406246e+00
-1.560000e+00 5.313561e+00 5.328235e+00
-1.540000e+00 5.236061e+00 5.251187e+00
-1.520000e+00 5.159561e+00 5.175100e+00
-1.500000e+00 5.084061e+00 5.099976e+00
-1.480000e+00 5.009561e+00 5.025814e+00
-1.460000e+00 4.936061e+00 4.952615e+00
-1.440000e+00 4.863561e+00 4.880379e+00
-1.420000e+00 4.792061e+00 4.809107e+00
-1.400000e+00 4.721561e+00 4.738798e+00
-1.380000e+00 4.652061e+00 4.669454e+00
-1.360000e+00 4.583561e+00 4.601076e+00
-1.340000e+00 4.516061e+00 4.533663e+00
-1.320000e+00 4.449561e+00 4.467217e+00
-1.300000e+00 4.384061e+00 4.401738e+00
-1.280000e+00 4.319561e+00 4.337228e+00
-1.260000e+00 4.256061e+00 4.273686e+00
-1.240000e+00 4.193561e+00 4.211115e+00
-1.220000e+00 4.132061e+00 4.149515e+00
-1.200000e+00 4.071561e+00 4.088887e+00
-1.180000e+00 4.012061e+00 4.029231e+00
-1.160000e+00 3.953561e+00 3.970550e+00
-1.140000e+00 3.896061e+00 3.912843e+00
-1.120000e+00 3.839561e+00 3.856113e+00
-1.100000e+00 3.784061e+00 3.800360e+00
-1.080000e+00 3.729561e+00 3.745586e+00
-1.060000e+00 3.676061e+00 3.691790e+00
-1.040000e+00 3.623561e+00 3.638976e+00
-1.020000e+00 3.572061e+00 3.587144e+00
-1.000000e+00 3.521561e+00 3.536295e+00
-9.800000e-01 3.472061e+00 3.486430e+00
-9.600000e-01 3.423561e+00 3.437551e+00
-9.400000e-01 3.376061e+00 3.389659e+00
-9.200000e-01 3.329561e+00 3.342755e+00
-9.000000e-01 3.284061e+00 3.296841e+00
-8.800000e-01 3.239561e+00 3.251918e+00
-8.600000e-01 3.196061e+00 3.207987e+00
-8.400000e-01 3.153561e+00 3.165050e+00
-8.200000e-01 3.112061e+00 3.123108e+00
-8.000000e-01 3.071561e+00 3.082162e+00
-7.800000e-01 3.032061e+00 3.042214e+00
-7.600000e-01 2.993561e+00 3.003265e+00
-7.400000e-01 2.956061e+00 2.965316e+00
-7.200000e-01 2.919561e+00 2.928368e+00
-7.000000e-01 2.884061e+00 2.892423e+00
-6.800000e-01 2.849561e+00 2.857483e+00
-6.600000e-01 2.816061e+00 2.823547e+00
-6.400000e-01 2.783561e+00 2.790618e+00
-6.200000e-01 2.752061e+00 2.758697e+00
-6.000000e-01 2.721561e+00 2.727784e+00
-5.800000e-01 2.692061e+00 2.697881e+00
-5.600000e-01 2.663561e+00 2.668988e+00
-5.400000e-01 2.636061e+00 2.641107e+00
-5.200000e-01 2.609561e+00 2.614239e+00
-5.000000e-01 2.584061e+00 2.588384e+00
-4.800000e-01 2.559561e+00 2.563542e+00
-4.600000e-01 2.536061e+00 2.539716e+00
-4.400000e-01 2.513561e+00 2.516904e+00
-4.200000e-01 2.492061e+00 2.495109e+00
-4.000000e-01 2.471561e+00 2.474329e+00
-3.800000e-01 2.452061e+00 2.454566e+00
-3.600000e-01 2.433561e+00 2.435819e+00
-3.400000e-01 2.416061e+00 2.418089e+00
-3.200000e-01 2.399561e+00 2.401376e+00
-3.000000e-01 2.384061e+00 2.385679e+00
-2.800000e-01 2.369561e+00 2.371000e+00
-2.600000e-01 2.356061e+00 2.357336e+00
-2.400000e-01 2.343561e+00 2.344689e+00
-2.200000e-01 2.332061e+00 2.333058e+00
-2.000000e-01 2.321561e+00 2.322442e+00
-1.800000e-01 2.312061e+00 2.312840e+00
-1.600000e-01 2.303561e+00 2.304253e+00
-1.400000e-01 2.296061e+00 2.296679e+00
-1.200000e-01 2.289561e+00 2.290118e+00
-1.000000e-01 2.284061e+00 2.284569e+00
-8.000000e-02 2.279561e+00 2.280031e+00
-6.000000e-02 2.276061e+00 2.276503e+00
-4.000000e-02 2.273561e+00 2.273984e+00
-2.000000e-02 2.272061e+00 2.272473e+00
0.000000e+00 2.271561e+00 2.271970e+00
2.000000e-02 2.272061e+00 2.272473e+00
4.000000e-02 2.273561e+00 2.273984e+00
6.000000e-02 2.276061e+00 2.276503e+00
8.000000e-02 2.279561e+00 2.280031e+00
1.000000e-01 2.284061e+00 2.284569e+00
1.200000e-01 2.289561e+00 2.290118e+00
1.400000e-01 2.296061e+00 2.296679e+00
1.600000e-01 2.303561e+00 2.304253e+00
1.800000e-01 2.312061e+00 2.312840e+00
2.000000e-01 2.321561e+00 2.322442e+00
2.200000e-01 2.332061e+00 2.333058e+00
2.400000e-01 2.343561e+00 2.344689e+00
2.600000e-01 2.356061e+00 2.357336e+00
2.800000e-01 2.369561e+00 2.371000e+00
3.000000e-01 2.384061e+00 2.385679e+00
3.200000e-01 2.399561e+00 2.401376e+00
3.400000e-01 2.416061e+00 2.418089e+00
3.600000e-01 2.433561e+00 2.435819e+00
3.800000e-01 2.452061e+00 2.454566e+00
4.000000e-01 2.471561e+00 2.474329e+00
4.200000e-01 2.492061e+00 2.495109e+00
4.400000e-01 2.513561e+00 2.516904e+00
4.600000e-01 2.536061e+00 2.539716e+00
4.800000e-01 2.559561e+00 2.563542e+00
5.000000e-01 2.584061e+00 2.588384e+00
5.200000e-01 2.609561e+00 2.614239e+00
5.400000e-01 2.636061e+00 2.641107e+00
5.600000e-01 2.663561e+00 2.668988e+00
5.800000e-01 2.692061e+00 2.697881e+00
6.000000e-01 2.721561e+00 2.727784e+00
6.200000e-01 2.752061e+00 2.758697e+00
6.400000e-01 2.783561e+00 2.790618e+00
6.600000e-01 2.816061e+00 2.823547e+00
6.800000e-01 2.849561e+00 2.857483e+00
7.000000e-01 2.884061e+00 2.892423e+00
7.200000e-01 2.919561e+00 2.928368e+00
7.400000e-01 2.956061e+00 2.965316e+00
7.600000e-01 2.993561e+00 3.003265e+00
7.800000e-01 3.032061e+00 3.042214e+00
8.000000e-01 3.071561e+00 3.082162e+00
8.200000e-01 3.112061e+00 3.123108e+00
8.400000e-01 3.153561e+00 3.165050e+00
8.600000e-01 3.196061e+00 3.207987e+00
8.800000e-01 3.239561e+00 3.251918e+00
9.000000e-01 3.284061e+00 3.296841e+00
9.200000e-01 3.329561e+00 3.342755e+00
9.400000e-01 3.376061e+00 3.389659e+00
9.600000e-01 3.423561e+00 3.437551e+00
9.800000e-01 3.472061e+00 3.486430e+00
1.000000e+00 3.521561e+00 3.536295e+00
1.020000e+00 3.572061e+00 3.587144e+00
1.040000e+00 3.623561e+00 3.638976e+00
1.060000e+00 3.676061e+00 3.691790e+00
1.080000e+00 3.729561e+00 3.745586e+00
1.100000e+00 3.784061e+00 3.800360e+00
1.120000e+00 3.839561e+00 3.856113e+00
1.140000e+00 3.896061e+00 3.912843e+00
1.160000e+00 3.953561e+00 3.970550e+00
1.180000e+00 4.012061e+00 4.029231e+00
1.200000e+00 4.071561e+00 4.088887e+00
1.220000e+00 4.132061e+00 4.149515e+00
1.240000e+00 4.193561e+00 4.211115e+00
1.260000e+00 4.256061e+00 4.273686e+00
1.280000e+00 4.319561e+00 4.337228e+00
1.300000e+00 4.384061e+00 4.401738e+00
1.320000e+00 4.449561e+00 4.467217e+00
1.340000e+00 4.516061e+00 4.533663e+00
1.360000e+00 4.583561e+00 4.601076e+00
1.380000e+00 4.652061e+00 4.669454e+00
1.400000e+00 4.721561e+00 4.738798e+00
1.420000e+00 4.792061e+00 4.809107e+00
1.440000e+00 4.863561e+00 4.880379e+00
1.460000e+00 4.936061e+00 4.952615e+00
1.480000e+00 5.009561e+00 5.025814e+00
1.500000e+00 5.084061e+00 5.099976e+00
1.520000e+00 5.159561e+00 5.175100e+00
1.540000e+00 5.236061e+00 5.251187e+00
1.560000e+00 5.313561e+00 5.328235e+00
1.580000e+00 5.392061e+00 5.406246e+00
1.600000e+00 5.471561e+00 5.485220e+00
1.620000e+00 5.552061e+00 5.565157e+00
1.640000e+00 5.633561e+00 5.646057e+00
1.660000e+00 5.716061e+00 5.727922e+00
1.680000e+00 5.799561e+00 5.810753e+00
1.700000e+00 5.884061e+00 5.894552e+00
1.720000e+00 5.969561e+00 5.979320e+00
1.740000e+00 6.056061e+00 6.065060e+00
1.760000e+00 6.143561e+00 6.151776e+00
1.780000e+00 6.232061e+00 6.239471e+00
1.800000e+00 6.321561e+00 6.328150e+00
1.820000e+00 6.412061e+00 6.417819e+00
1.840000e+00 6.503561e+00 6.508486e+00
1.860000e+00 6.596061e+00 6.600160e+00
1.880000e+00 6.689561e+00 6.692852e+00
1.900000e+00 6.784061e+00 6.786576e+00
1.920000e+00 6.879561e+00 6.881352e+00
1.940000e+00 6.976061e+00 6.977202e+00
1.960000e+00 7.073561e+00 7.074157e+00
1.980000e+00 7.172061e+00 7.172258e+00
2.000000e+00 7.271561e+00 7.271561e+00
